max_0-           0            0     1632803            0          0         1.42317
max_1-           0            0     1632803            0          0         1.43858
max_10-           0            0     1632803            0          0         1.41246
max_100-           0            0     1632803            0          0         1.41572
max_11-           0            0     1632803            0          0         1.41583
max_12-           0            0     1632803            0          0         1.42995
max_13-           0            0     1632803            0          0         1.42111
max_14-           0            0     1632803            0          0         1.41595
max_15-           0            0     1632803            0          0         1.41327
max_16-           0            0     1632803            0          0         1.41681
max_17-           0            0     1632803            0          0         1.42783
max_18-           0            0     1632803            0          0         1.41976
max_19-           0            0     1632803            0          0         1.43248
max_2-           0            0     1632803            0          0         1.43260
max_20-           0            0     1632803            0          0         1.41965
max_21-           0            0     1632803            0          0         1.41243
max_22-           0            0     1632803            0          0         1.41792
max_23-           0            0     1632803            0          0         1.42572
max_24-           0            0     1632803            0          0         1.41010
max_25-           0            0     1632803            0          0         1.41733
max_26-           0            0     1632803            0          0         1.41254
max_27-           0            0     1632803            0          0         1.41442
max_28-           0            0     1632803            0          0         1.41420
max_29-           0            0     1632803            0          0         1.41224
max_3-           0            0     1632803            0          0         1.47573
max_30-           0            0     1632803            0          0         1.42095
max_31-           0            0     1632803            0          0         1.41261
max_32-           0            0     1632803            0          0         1.42604
max_33-           0            0     1632803            0          0         1.41821
max_34-           0            0     1632803            0          0         1.42701
max_35-           0            0     1632803            0          0         1.40690
max_36-           0            0     1632803            0          0         1.41880
max_37-           0            0     1632803            0          0         1.42996
max_38-           0            0     1632803            0          0         1.41565
max_39-           0            0     1632803            0          0         1.40720
max_4-           0            0     1632803            0          0         1.42529
max_40-           0            0     1632803            0          0         1.41692
max_41-           0            0     1632803            0          0         1.42018
max_42-           0            0     1632803            0          0         1.41471
max_43-           0            0     1632803            0          0         1.41498
max_44-           0            0     1632803            0          0         1.41645
max_45-           0            0     1632803            0          0         1.42385
max_46-           0            0     1632803            0          0         1.42695
max_47-           0            0     1632803            0          0         1.41364
max_48-           0            0     1632803            0          0         1.41923
max_49-           0            0     1632803            0          0         1.41777
max_5-           0            0     1632803            0          0         1.41998
max_50-           0            0     1632803            0          0         1.43196
max_51-           0            0     1632803            0          0         1.42932
max_52-           0            0     1632803            0          0         1.43800
max_53-           0            0     1632803            0          0         1.43397
max_54-           0            0     1632803            0          0         1.43283
max_55-           0            0     1632803            0          0         1.43243
max_56-           0            0     1632803            0          0         1.41327
max_57-           0            0     1632803            0          0         1.41291
max_58-           0            0     1632803            0          0         1.41180
max_59-           0            0     1632803            0          0         1.41041
max_6-           0            0     1632803            0          0         1.41592
max_60-           0            0     1632803            0          0         1.41665
max_61-           0            0     1632803            0          0         1.43020
max_62-           0            0     1632803            0          0         1.43139
max_63-           0            0     1632803            0          0         1.41468
max_64-           0            0     1632803            0          0         1.42572
max_65-           0            0     1632803            0          0         1.42699
max_66-           0            0     1632803            0          0         1.42676
max_67-           0            0     1632803            0          0         1.42606
max_68-           0            0     1632803            0          0         1.41563
max_69-           0            0     1632803            0          0         1.42704
max_7-           0            0     1632803            0          0         1.41659
max_70-           0            0     1632803            0          0         1.41456
max_71-           0            0     1632803            0          0         1.43219
max_72-           0            0     1632803            0          0         1.42260
max_73-           0            0     1632803            0          0         1.42105
max_74-           0            0     1632803            0          0         1.43723
max_75-           0            0     1632803            0          0         1.41930
max_76-           0            0     1632803            0          0         1.44936
max_77-           0            0     1632803            0          0         1.42811
max_78-           0            0     1632803            0          0         1.42169
max_79-           0            0     1632803            0          0         1.46426
max_8-           0            0     1632803            0          0         1.41149
max_80-           0            0     1632803            0          0         1.45184
max_81-           0            0     1632803            0          0         1.41311
max_82-           0            0     1632803            0          0         1.42408
max_83-           0            0     1632803            0          0         1.42631
max_84-           0            0     1632803            0          0         1.42323
max_85-           0            0     1632803            0          0         1.43152
max_86-           0            0     1632803            0          0         1.43167
max_87-           0            0     1632803            0          0         1.44017
max_88-           0            0     1632803            0          0         1.44180
max_89-           0            0     1632803            0          0         1.44047
max_9-           0            0     1632803            0          0         1.41778
max_90-           0            0     1632803            0          0         1.41689
max_91-           0            0     1632803            0          0         1.42131
max_92-           0            0     1632803            0          0         1.42020
max_93-           0            0     1632803            0          0         1.41906
max_94-           0            0     1632803            0          0         1.44372
max_95-           0            0     1632803            0          0         1.41693
max_96-           0            0     1632803            0          0         1.41909
max_97-           0            0     1632803            0          0         1.43353
max_98-           0            0     1632803            0          0         1.43240
max_99-           0            0     1632803            0          0         1.43296
