min_0-           0            0     1140149            0          0         0.44317
min_1-           0            0     1140149            0          0         0.45166
min_10-           0            0     1140149            0          0         0.44361
min_100-           0            0     1140149            0          0         0.44599
min_11-           0            0     1140149            0          0         0.46778
min_12-           0            0     1140149            0          0         0.44798
min_13-           0            0     1140149            0          0         0.45566
min_14-           0            0     1140149            0          0         0.45674
min_15-           0            0     1140149            0          0         0.44322
min_16-           0            0     1140149            0          0         0.44892
min_17-           0            0     1140149            0          0         0.45170
min_18-           0            0     1140149            0          0         0.44915
min_19-           0            0     1140149            0          0         0.44326
min_2-           0            0     1140149            0          0         0.45692
min_20-           0            0     1140149            0          0         0.44405
min_21-           0            0     1140149            0          0         0.44440
min_22-           0            0     1140149            0          0         0.44170
min_23-           0            0     1140149            0          0         0.44298
min_24-           0            0     1140149            0          0         0.44897
min_25-           0            0     1140149            0          0         0.44274
min_26-           0            0     1140149            0          0         0.44793
min_27-           0            0     1140149            0          0         0.45150
min_28-           0            0     1140149            0          0         0.44772
min_29-           0            0     1140149            0          0         0.44218
min_3-           0            0     1140149            0          0         0.44925
min_30-           0            0     1140149            0          0         0.45356
min_31-           0            0     1140149            0          0         0.44643
min_32-           0            0     1140149            0          0         0.44883
min_33-           0            0     1140149            0          0         0.44140
min_34-           0            0     1140149            0          0         0.44414
min_35-           0            0     1140149            0          0         0.44583
min_36-           0            0     1140149            0          0         0.44548
min_37-           0            0     1140149            0          0         0.44547
min_38-           0            0     1140149            0          0         0.44821
min_39-           0            0     1140149            0          0         0.45038
min_4-           0            0     1140149            0          0         0.45206
min_40-           0            0     1140149            0          0         0.45974
min_41-           0            0     1140149            0          0         0.44385
min_42-           0            0     1140149            0          0         0.44497
min_43-           0            0     1140149            0          0         0.45026
min_44-           0            0     1140149            0          0         0.44515
min_45-           0            0     1140149            0          0         0.45276
min_46-           0            0     1140149            0          0         0.44170
min_47-           0            0     1140149            0          0         0.44642
min_48-           0            0     1140149            0          0         0.45016
min_49-           0            0     1140149            0          0         0.44792
min_5-           0            0     1140149            0          0         0.44815
min_50-           0            0     1140149            0          0         0.44644
min_51-           0            0     1140149            0          0         0.45185
min_52-           0            0     1140149            0          0         0.44722
min_53-           0            0     1140149            0          0         0.44814
min_54-           0            0     1140149            0          0         0.43965
min_55-           0            0     1140149            0          0         0.44389
min_56-           0            0     1140149            0          0         0.44347
min_57-           0            0     1140149            0          0         0.44451
min_58-           0            0     1140149            0          0         0.44728
min_59-           0            0     1140149            0          0         0.44609
min_6-           0            0     1140149            0          0         0.45134
min_60-           0            0     1140149            0          0         0.44259
min_61-           0            0     1140149            0          0         0.44904
min_62-           0            0     1140149            0          0         0.44617
min_63-           0            0     1140149            0          0         0.44681
min_64-           0            0     1140149            0          0         0.44884
min_65-           0            0     1140149            0          0         0.45333
min_66-           0            0     1140149            0          0         0.45099
min_67-           0            0     1140149            0          0         0.44677
min_68-           0            0     1140149            0          0         0.45166
min_69-           0            0     1140149            0          0         0.44388
min_7-           0            0     1140149            0          0         0.44652
min_70-           0            0     1140149            0          0         0.44529
min_71-           0            0     1140149            0          0         0.44599
min_72-           0            0     1140149            0          0         0.44653
min_73-           0            0     1140149            0          0         0.44804
min_74-           0            0     1140149            0          0         0.44835
min_75-           0            0     1140149            0          0         0.44553
min_76-           0            0     1140149            0          0         0.44847
min_77-           0            0     1140149            0          0         0.44409
min_78-           0            0     1140149            0          0         0.44667
min_79-           0            0     1140149            0          0         0.44973
min_8-           0            0     1140149            0          0         0.44829
min_80-           0            0     1140149            0          0         0.44804
min_81-           0            0     1140149            0          0         0.44636
min_82-           0            0     1140149            0          0         0.44482
min_83-           0            0     1140149            0          0         0.44713
min_84-           0            0     1140149            0          0         0.44989
min_85-           0            0     1140149            0          0         0.44294
min_86-           0            0     1140149            0          0         0.44611
min_87-           0            0     1140149            0          0         0.44683
min_88-           0            0     1140149            0          0         0.44515
min_89-           0            0     1140149            0          0         0.44319
min_9-           0            0     1140149            0          0         0.45928
min_90-           0            0     1140149            0          0         0.45232
min_91-           0            0     1140149            0          0         0.44372
min_92-           0            0     1140149            0          0         0.44558
min_93-           0            0     1140149            0          0         0.44685
min_94-           0            0     1140149            0          0         0.45143
min_95-           0            0     1140149            0          0         0.44994
min_96-           0            0     1140149            0          0         0.45023
min_97-           0            0     1140149            0          0         0.44426
min_98-           0            0     1140149            0          0         0.45684
min_99-           0            0     1140149            0          0         0.44318
