sp_0-           0            0           0            0          0         0.06402
sp_1-           0            0           0            0          0         0.00045
sp_10-           0            0           0            0          0         0.00045
sp_100-           0            0           0            0          0         0.00048
sp_11-           0            0           0            0          0         0.00046
sp_12-           0            0           0            0          0         0.00047
sp_13-           0            0           0            0          0         0.00044
sp_14-           0            0           0            0          0         0.00050
sp_15-           0            0           0            0          0         0.00048
sp_16-           0            0           0            0          0         0.00044
sp_17-           0            0           0            0          0         0.00047
sp_18-           0            0           0            0          0         0.00045
sp_19-           0            0           0            0          0         0.00045
sp_2-           0            0           0            0          0         0.00045
sp_20-           0            0           0            0          0         0.00047
sp_21-           0            0           0            0          0         0.00045
sp_22-           0            0           0            0          0         0.00046
sp_23-           0            0           0            0          0         0.00054
sp_24-           0            0           0            0          0         0.00044
sp_25-           0            0           0            0          0         0.00050
sp_26-           0            0           0            0          0         0.00049
sp_27-           0            0           0            0          0         0.00045
sp_28-           0            0           0            0          0         0.00047
sp_29-           0            0           0            0          0         0.00046
sp_3-           0            0           0            0          0         0.00046
sp_30-           0            0           0            0          0         0.00048
sp_31-           0            0           0            0          0         0.00046
sp_32-           0            0           0            0          0         0.00047
sp_33-           0            0           0            0          0         0.00046
sp_34-           0            0           0            0          0         0.00046
sp_35-           0            0           0            0          0         0.00050
sp_36-           0            0           0            0          0         0.00047
sp_37-           0            0           0            0          0         0.00044
sp_38-           0            0           0            0          0         0.00046
sp_39-           0            0           0            0          0         0.00049
sp_4-           0            0           0            0          0         0.00047
sp_40-           0            0           0            0          0         0.00045
sp_41-           0            0           0            0          0         0.00049
sp_42-           0            0           0            0          0         0.00044
sp_43-           0            0           0            0          0         0.00046
sp_44-           0            0           0            0          0         0.00044
sp_45-           0            0           0            0          0         0.00048
sp_46-           0            0           0            0          0         0.00045
sp_47-           0            0           0            0          0         0.00044
sp_48-           0            0           0            0          0         0.00046
sp_49-           0            0           0            0          0         0.00044
sp_5-           0            0           0            0          0         0.00045
sp_50-           0            0           0            0          0         0.00045
sp_51-           0            0           0            0          0         0.00045
sp_52-           0            0           0            0          0         0.00046
sp_53-           0            0           0            0          0         0.00045
sp_54-           0            0           0            0          0         0.00048
sp_55-           0            0           0            0          0         0.00048
sp_56-           0            0           0            0          0         0.00046
sp_57-           0            0           0            0          0         0.00046
sp_58-           0            0           0            0          0         0.00044
sp_59-           0            0           0            0          0         0.00045
sp_6-           0            0           0            0          0         0.00049
sp_60-           0            0           0            0          0         0.00044
sp_61-           0            0           0            0          0         0.00046
sp_62-           0            0           0            0          0         0.00044
sp_63-           0            0           0            0          0         0.00046
sp_64-           0            0           0            0          0         0.00048
sp_65-           0            0           0            0          0         0.00045
sp_66-           0            0           0            0          0         0.00044
sp_67-           0            0           0            0          0         0.00047
sp_68-           0            0           0            0          0         0.00045
sp_69-           0            0           0            0          0         0.00048
sp_7-           0            0           0            0          0         0.00046
sp_70-           0            0           0            0          0         0.00045
sp_71-           0            0           0            0          0         0.00046
sp_72-           0            0           0            0          0         0.00045
sp_73-           0            0           0            0          0         0.00044
sp_74-           0            0           0            0          0         0.00048
sp_75-           0            0           0            0          0         0.00049
sp_76-           0            0           0            0          0         0.00048
sp_77-           0            0           0            0          0         0.00046
sp_78-           0            0           0            0          0         0.00046
sp_79-           0            0           0            0          0         0.00047
sp_8-           0            0           0            0          0         0.00046
sp_80-           0            0           0            0          0         0.00045
sp_81-           0            0           0            0          0         0.00044
sp_82-           0            0           0            0          0         0.00045
sp_83-           0            0           0            0          0         0.00046
sp_84-           0            0           0            0          0         0.00043
sp_85-           0            0           0            0          0         0.00045
sp_86-           0            0           0            0          0         0.00043
sp_87-           0            0           0            0          0         0.00044
sp_88-           0            0           0            0          0         0.00045
sp_89-           0            0           0            0          0         0.00051
sp_9-           0            0           0            0          0         0.00044
sp_90-           0            0           0            0          0         0.00044
sp_91-           0            0           0            0          0         0.00050
sp_92-           0            0           0            0          0         0.00044
sp_93-           0            0           0            0          0         0.00047
sp_94-           0            0           0            0          0         0.00048
sp_95-           0            0           0            0          0         0.00045
sp_96-           0            0           0            0          0         0.00049
sp_97-           0            0           0            0          0         0.00046
sp_98-           0            0           0            0          0         0.00044
sp_99-           0            0           0            0          0         0.00044
