count_0-           0            0     1140149            0          0         0.42142
count_1-           0            0     1140149            0          0         0.41725
count_10-           0            0     1140149            0          0         0.42851
count_100-           0            0     1140149            0          0         0.41974
count_11-           0            0     1140149            0          0         0.41673
count_12-           0            0     1140149            0          0         0.41423
count_13-           0            0     1140149            0          0         0.41658
count_14-           0            0     1140149            0          0         0.44145
count_15-           0            0     1140149            0          0         0.41768
count_16-           0            0     1140149            0          0         0.42048
count_17-           0            0     1140149            0          0         0.41991
count_18-           0            0     1140149            0          0         0.42356
count_19-           0            0     1140149            0          0         0.42764
count_2-           0            0     1140149            0          0         0.41957
count_20-           0            0     1140149            0          0         0.42088
count_21-           0            0     1140149            0          0         0.41454
count_22-           0            0     1140149            0          0         0.41952
count_23-           0            0     1140149            0          0         0.42746
count_24-           0            0     1140149            0          0         0.43083
count_25-           0            0     1140149            0          0         0.42453
count_26-           0            0     1140149            0          0         0.41557
count_27-           0            0     1140149            0          0         0.41657
count_28-           0            0     1140149            0          0         0.41805
count_29-           0            0     1140149            0          0         0.41397
count_3-           0            0     1140149            0          0         0.41714
count_30-           0            0     1140149            0          0         0.43150
count_31-           0            0     1140149            0          0         0.41244
count_32-           0            0     1140149            0          0         0.42402
count_33-           0            0     1140149            0          0         0.41506
count_34-           0            0     1140149            0          0         0.42298
count_35-           0            0     1140149            0          0         0.41498
count_36-           0            0     1140149            0          0         0.41411
count_37-           0            0     1140149            0          0         0.41576
count_38-           0            0     1140149            0          0         0.42677
count_39-           0            0     1140149            0          0         0.41463
count_4-           0            0     1140149            0          0         0.41831
count_40-           0            0     1140149            0          0         0.41988
count_41-           0            0     1140149            0          0         0.41383
count_42-           0            0     1140149            0          0         0.42097
count_43-           0            0     1140149            0          0         0.42611
count_44-           0            0     1140149            0          0         0.41648
count_45-           0            0     1140149            0          0         0.42337
count_46-           0            0     1140149            0          0         0.42542
count_47-           0            0     1140149            0          0         0.41376
count_48-           0            0     1140149            0          0         0.41668
count_49-           0            0     1140149            0          0         0.42247
count_5-           0            0     1140149            0          0         0.42247
count_50-           0            0     1140149            0          0         0.41799
count_51-           0            0     1140149            0          0         0.41722
count_52-           0            0     1140149            0          0         0.41860
count_53-           0            0     1140149            0          0         0.42270
count_54-           0            0     1140149            0          0         0.44042
count_55-           0            0     1140149            0          0         0.41560
count_56-           0            0     1140149            0          0         0.41616
count_57-           0            0     1140149            0          0         0.42966
count_58-           0            0     1140149            0          0         0.42810
count_59-           0            0     1140149            0          0         0.42920
count_6-           0            0     1140149            0          0         0.41471
count_60-           0            0     1140149            0          0         0.42000
count_61-           0            0     1140149            0          0         0.41944
count_62-           0            0     1140149            0          0         0.41676
count_63-           0            0     1140149            0          0         0.42371
count_64-           0            0     1140149            0          0         0.42423
count_65-           0            0     1140149            0          0         0.41517
count_66-           0            0     1140149            0          0         0.41563
count_67-           0            0     1140149            0          0         0.42683
count_68-           0            0     1140149            0          0         0.42035
count_69-           0            0     1140149            0          0         0.41720
count_7-           0            0     1140149            0          0         0.41738
count_70-           0            0     1140149            0          0         0.41912
count_71-           0            0     1140149            0          0         0.41844
count_72-           0            0     1140149            0          0         0.42110
count_73-           0            0     1140149            0          0         0.41950
count_74-           0            0     1140149            0          0         0.42323
count_75-           0            0     1140149            0          0         0.42033
count_76-           0            0     1140149            0          0         0.41912
count_77-           0            0     1140149            0          0         0.42947
count_78-           0            0     1140149            0          0         0.41922
count_79-           0            0     1140149            0          0         0.41779
count_8-           0            0     1140149            0          0         0.41794
count_80-           0            0     1140149            0          0         0.41901
count_81-           0            0     1140149            0          0         0.42324
count_82-           0            0     1140149            0          0         0.42294
count_83-           0            0     1140149            0          0         0.42105
count_84-           0            0     1140149            0          0         0.42226
count_85-           0            0     1140149            0          0         0.41461
count_86-           0            0     1140149            0          0         0.41740
count_87-           0            0     1140149            0          0         0.41544
count_88-           0            0     1140149            0          0         0.42988
count_89-           0            0     1140149            0          0         0.41457
count_9-           0            0     1140149            0          0         0.41394
count_90-           0            0     1140149            0          0         0.41886
count_91-           0            0     1140149            0          0         0.41592
count_92-           0            0     1140149            0          0         0.41782
count_93-           0            0     1140149            0          0         0.41542
count_94-           0            0     1140149            0          0         0.41501
count_95-           0            0     1140149            0          0         0.42228
count_96-           0            0     1140149            0          0         0.41834
count_97-           0            0     1140149            0          0         0.42529
count_98-           0            0     1140149            0          0         0.43209
count_99-           0            0     1140149            0          0         0.42397
