kneighbors_0-           0            0     1140149     15666280          0       198.75463
kneighbors_1-           0            0     1140149     15666280          0       139.42741
kneighbors_10-           0            0     1140149     15666280          0       138.94132
kneighbors_100-           0            0     1140149     15666280          0       131.28556
kneighbors_11-           0            0     1140149     15666280          0       140.13402
kneighbors_12-           0            0     1140149     15666280          0       139.00618
kneighbors_13-           0            0     1140149     15666280          0       139.37793
kneighbors_14-           0            0     1140149     15666280          0       139.00004
kneighbors_15-           0            0     1140149     15666280          0       139.29868
kneighbors_16-           0            0     1140149     15666280          0       139.74581
kneighbors_17-           0            0     1140149     15666280          0       139.16699
kneighbors_18-           0            0     1140149     15666280          0       139.74614
kneighbors_19-           0            0     1140149     15666280          0       139.48984
kneighbors_2-           0            0     1140149     15666280          0       139.61022
kneighbors_20-           0            0     1140149     15666280          0       139.06697
kneighbors_21-           0            0     1140149     15666280          0       139.77097
kneighbors_22-           0            0     1140149     15666280          0       139.15747
kneighbors_23-           0            0     1140149     15666280          0       139.75773
kneighbors_24-           0            0     1140149     15666280          0       139.04147
kneighbors_25-           0            0     1140149     15666280          0       139.05584
kneighbors_26-           0            0     1140149     15666280          0       139.23851
kneighbors_27-           0            0     1140149     15666280          0       139.32265
kneighbors_28-           0            0     1140149     15666280          0       139.79303
kneighbors_29-           0            0     1140149     15666280          0       139.40108
kneighbors_3-           0            0     1140149     15666280          0       139.15823
kneighbors_30-           0            0     1140149     15666280          0       139.92792
kneighbors_31-           0            0     1140149     15666280          0       139.21744
kneighbors_32-           0            0     1140149     15666280          0       139.22172
kneighbors_33-           0            0     1140149     15666280          0       139.50682
kneighbors_34-           0            0     1140149     15666280          0       138.98784
kneighbors_35-           0            0     1140149     15666280          0       139.50450
kneighbors_36-           0            0     1140149     15666280          0       139.49658
kneighbors_37-           0            0     1140149     15666280          0       139.24660
kneighbors_38-           0            0     1140149     15666280          0       139.08584
kneighbors_39-           0            0     1140149     15666280          0       139.25661
kneighbors_4-           0            0     1140149     15666280          0       139.44450
kneighbors_40-           0            0     1140149     15666280          0       139.09017
kneighbors_41-           0            0     1140149     15666280          0       139.20175
kneighbors_42-           0            0     1140149     15666280          0       139.30349
kneighbors_43-           0            0     1140149     15666280          0       138.98058
kneighbors_44-           0            0     1140149     15666280          0       139.30293
kneighbors_45-           0            0     1140149     15666280          0       139.15330
kneighbors_46-           0            0     1140149     15666280          0       139.73763
kneighbors_47-           0            0     1140149     15666280          0       139.29376
kneighbors_48-           0            0     1140149     15666280          0       139.15462
kneighbors_49-           0            0     1140149     15666280          0       139.15171
kneighbors_5-           0            0     1140149     15666280          0       139.59787
kneighbors_50-           0            0     1140149     15666280          0       131.19854
kneighbors_51-           0            0     1140149     15666280          0       131.25047
kneighbors_52-           0            0     1140149     15666280          0       131.00369
kneighbors_53-           0            0     1140149     15666280          0       131.93039
kneighbors_54-           0            0     1140149     15666280          0       131.13659
kneighbors_55-           0            0     1140149     15666280          0       131.56884
kneighbors_56-           0            0     1140149     15666280          0       131.24272
kneighbors_57-           0            0     1140149     15666280          0       131.97725
kneighbors_58-           0            0     1140149     15666280          0       130.85422
kneighbors_59-           0            0     1140149     15666280          0       131.89831
kneighbors_6-           0            0     1140149     15666280          0       139.76988
kneighbors_60-           0            0     1140149     15666280          0       131.00383
kneighbors_61-           0            0     1140149     15666280          0       131.82321
kneighbors_62-           0            0     1140149     15666280          0       131.06186
kneighbors_63-           0            0     1140149     15666280          0       131.20781
kneighbors_64-           0            0     1140149     15666280          0       131.00536
kneighbors_65-           0            0     1140149     15666280          0       131.88092
kneighbors_66-           0            0     1140149     15666280          0       131.52431
kneighbors_67-           0            0     1140149     15666280          0       131.12981
kneighbors_68-           0            0     1140149     15666280          0       132.31481
kneighbors_69-           0            0     1140149     15666280          0       131.09515
kneighbors_7-           0            0     1140149     15666280          0       139.21730
kneighbors_70-           0            0     1140149     15666280          0       131.22250
kneighbors_71-           0            0     1140149     15666280          0       131.60101
kneighbors_72-           0            0     1140149     15666280          0       131.16080
kneighbors_73-           0            0     1140149     15666280          0       131.11577
kneighbors_74-           0            0     1140149     15666280          0       131.95965
kneighbors_75-           0            0     1140149     15666280          0       131.05370
kneighbors_76-           0            0     1140149     15666280          0       131.38763
kneighbors_77-           0            0     1140149     15666280          0       131.29474
kneighbors_78-           0            0     1140149     15666280          0       131.25735
kneighbors_79-           0            0     1140149     15666280          0       131.47111
kneighbors_8-           0            0     1140149     15666280          0       139.09980
kneighbors_80-           0            0     1140149     15666280          0       131.11887
kneighbors_81-           0            0     1140149     15666280          0       131.60170
kneighbors_82-           0            0     1140149     15666280          0       131.00750
kneighbors_83-           0            0     1140149     15666280          0       131.24869
kneighbors_84-           0            0     1140149     15666280          0       131.68688
kneighbors_85-           0            0     1140149     15666280          0       131.22226
kneighbors_86-           0            0     1140149     15666280          0       131.38112
kneighbors_87-           0            0     1140149     15666280          0       131.07684
kneighbors_88-           0            0     1140149     15666280          0       132.01701
kneighbors_89-           0            0     1140149     15666280          0       131.34709
kneighbors_9-           0            0     1140149     15666280          0       139.71711
kneighbors_90-           0            0     1140149     15666280          0       131.10012
kneighbors_91-           0            0     1140149     15666280          0       130.96640
kneighbors_92-           0            0     1140149     15666280          0       131.55214
kneighbors_93-           0            0     1140149     15666280          0       131.11468
kneighbors_94-           0            0     1140149     15666280          0       131.58802
kneighbors_95-           0            0     1140149     15666280          0       131.05751
kneighbors_96-           0            0     1140149     15666280          0       131.91083
kneighbors_97-           0            0     1140149     15666280          0       131.53266
kneighbors_98-           0            0     1140149     15666280          0       131.69564
kneighbors_99-           0            0     1140149     15666280          0       131.22052
