kneighbors_0-           0            0     1632803     61245128          0       591.49846
kneighbors_1-           0            0     1632803     61245128          0       436.94573
kneighbors_10-           0            0     1632803     61245128          0       431.63683
kneighbors_100-           0            0     1632803     61245128          0       432.11987
kneighbors_11-           0            0     1632803     61245128          0       444.51957
kneighbors_12-           0            0     1632803     61245128          0       448.58962
kneighbors_13-           0            0     1632803     61245128          0       445.93946
kneighbors_14-           0            0     1632803     61245128          0       443.78363
kneighbors_15-           0            0     1632803     61245128          0       434.32534
kneighbors_16-           0            0     1632803     61245128          0       445.69375
kneighbors_17-           0            0     1632803     61245128          0       439.34297
kneighbors_18-           0            0     1632803     61245128          0       437.77779
kneighbors_19-           0            0     1632803     61245128          0       435.88726
kneighbors_2-           0            0     1632803     61245128          0       429.74937
kneighbors_20-           0            0     1632803     61245128          0       436.17560
kneighbors_21-           0            0     1632803     61245128          0       442.13579
kneighbors_22-           0            0     1632803     61245128          0       430.56377
kneighbors_23-           0            0     1632803     61245128          0       425.94489
kneighbors_24-           0            0     1632803     61245128          0       432.36886
kneighbors_25-           0            0     1632803     61245128          0       442.27393
kneighbors_26-           0            0     1632803     61245128          0       438.12714
kneighbors_27-           0            0     1632803     61245128          0       442.10370
kneighbors_28-           0            0     1632803     61245128          0       437.59431
kneighbors_29-           0            0     1632803     61245128          0       431.56774
kneighbors_3-           0            0     1632803     61245128          0       444.98184
kneighbors_30-           0            0     1632803     61245128          0       443.83274
kneighbors_31-           0            0     1632803     61245128          0       433.65665
kneighbors_32-           0            0     1632803     61245128          0       443.72984
kneighbors_33-           0            0     1632803     61245128          0       429.38180
kneighbors_34-           0            0     1632803     61245128          0       446.11052
kneighbors_35-           0            0     1632803     61245128          0       434.18372
kneighbors_36-           0            0     1632803     61245128          0       438.41687
kneighbors_37-           0            0     1632803     61245128          0       431.87938
kneighbors_38-           0            0     1632803     61245128          0       429.07158
kneighbors_39-           0            0     1632803     61245128          0       432.01051
kneighbors_4-           0            0     1632803     61245128          0       433.74852
kneighbors_40-           0            0     1632803     61245128          0       446.39747
kneighbors_41-           0            0     1632803     61245128          0       440.09327
kneighbors_42-           0            0     1632803     61245128          0       432.41040
kneighbors_43-           0            0     1632803     61245128          0       450.15273
kneighbors_44-           0            0     1632803     61245128          0       432.45990
kneighbors_45-           0            0     1632803     61245128          0       435.36034
kneighbors_46-           0            0     1632803     61245128          0       445.38364
kneighbors_47-           0            0     1632803     61245128          0       444.16493
kneighbors_48-           0            0     1632803     61245128          0       442.24559
kneighbors_49-           0            0     1632803     61245128          0       443.43768
kneighbors_5-           0            0     1632803     61245128          0       441.45804
kneighbors_50-           0            0     1632803     61245128          0       444.20659
kneighbors_51-           0            0     1632803     61245128          0       446.98587
kneighbors_52-           0            0     1632803     61245128          0       431.68808
kneighbors_53-           0            0     1632803     61245128          0       446.25440
kneighbors_54-           0            0     1632803     61245128          0       436.44790
kneighbors_55-           0            0     1632803     61245128          0       444.85326
kneighbors_56-           0            0     1632803     61245128          0       439.25138
kneighbors_57-           0            0     1632803     61245128          0       438.27219
kneighbors_58-           0            0     1632803     61245128          0       437.27950
kneighbors_59-           0            0     1632803     61245128          0       439.65408
kneighbors_6-           0            0     1632803     61245128          0       431.29397
kneighbors_60-           0            0     1632803     61245128          0       439.51465
kneighbors_61-           0            0     1632803     61245128          0       429.14812
kneighbors_62-           0            0     1632803     61245128          0       444.37663
kneighbors_63-           0            0     1632803     61245128          0       433.92337
kneighbors_64-           0            0     1632803     61245128          0       446.86742
kneighbors_65-           0            0     1632803     61245128          0       432.98646
kneighbors_66-           0            0     1632803     61245128          0       436.47381
kneighbors_67-           0            0     1632803     61245128          0       434.46966
kneighbors_68-           0            0     1632803     61245128          0       428.92441
kneighbors_69-           0            0     1632803     61245128          0       434.54929
kneighbors_7-           0            0     1632803     61245128          0       441.10029
kneighbors_70-           0            0     1632803     61245128          0       447.89499
kneighbors_71-           0            0     1632803     61245128          0       434.48043
kneighbors_72-           0            0     1632803     61245128          0       440.08227
kneighbors_73-           0            0     1632803     61245128          0       443.43073
kneighbors_74-           0            0     1632803     61245128          0       434.21667
kneighbors_75-           0            0     1632803     61245128          0       443.85927
kneighbors_76-           0            0     1632803     61245128          0       442.38590
kneighbors_77-           0            0     1632803     61245128          0       438.55115
kneighbors_78-           0            0     1632803     61245128          0       443.09858
kneighbors_79-           0            0     1632803     61245128          0       441.87532
kneighbors_8-           0            0     1632803     61245128          0       446.33866
kneighbors_80-           0            0     1632803     61245128          0       443.29789
kneighbors_81-           0            0     1632803     61245128          0       439.04713
kneighbors_82-           0            0     1632803     61245128          0       448.37971
kneighbors_83-           0            0     1632803     61245128          0       441.05538
kneighbors_84-           0            0     1632803     61245128          0       445.96695
kneighbors_85-           0            0     1632803     61245128          0       435.59744
kneighbors_86-           0            0     1632803     61245128          0       448.71380
kneighbors_87-           0            0     1632803     61245128          0       442.48308
kneighbors_88-           0            0     1632803     61245128          0       444.23758
kneighbors_89-           0            0     1632803     61245128          0       440.38836
kneighbors_9-           0            0     1632803     61245128          0       444.81333
kneighbors_90-           0            0     1632803     61245128          0       441.13543
kneighbors_91-           0            0     1632803     61245128          0       442.55265
kneighbors_92-           0            0     1632803     61245128          0       439.78788
kneighbors_93-           0            0     1632803     61245128          0       439.67772
kneighbors_94-           0            0     1632803     61245128          0       445.23509
kneighbors_95-           0            0     1632803     61245128          0       443.64861
kneighbors_96-           0            0     1632803     61245128          0       442.16475
kneighbors_97-           0            0     1632803     61245128          0       434.05820
kneighbors_98-           0            0     1632803     61245128          0       442.02199
kneighbors_99-           0            0     1632803     61245128          0       437.78830
