1434
1443
1431
1424
1456
1426
1433
1485
1423
1443
1456
1439
1436
1442
1427
1434
1439
1429
1452
1442
1439
1447
1419
1432
1419
1425
1427
1431
1422
1459
1425
1435
1431
1443
1433
1445
1446
1447
1435
1427
1422
1452
1435
1431
1433
1436
1437
1418
1453
1444
1420
1429
1440
1458
1445
1439
1440
1424
1424
1455
1450
1434
1433
1454
1438
1430
1429
1434
1450
1444
1420
1463
1445
1426
1446
1449
1451
1433
1421
1442
1438
1428
1442
1439
1432
1428
1433
1455
1427
1434
1426
1423
1419
1427
1423
1439
1425
1440
1432
1423
1440
