1352
1353
1354
1338
1343
1382
1379
1354
1340
1371
1365
1351
1351
1375
1375
1357
1400
1360
1378
1369
1362
1353
1357
1358
1376
1360
1352
1380
1373
1347
1366
1361
1360
1345
1367
1351
1368
1350
1366
1363
1346
1352
1354
1337
1345
1357
1354
1376
1364
1347
1365
1350
1365
1352
1348
1353
1351
1354
1373
1358
1357
1364
1351
1348
1347
1364
1347
1354
1355
1360
1362
1368
1346
1373
1374
1348
1352
1364
1374
1351
1379
1353
1362
1358
1360
1362
1357
1361
1348
1380
1344
1355
1364
1356
1349
1352
1353
1388
1369
1364
1367
