6134
6057
6036
6028
6036
6024
6051
6044
6040
6047
6075
6092
6075
6035
6048
6045
6030
6070
6075
6026
6051
6092
6065
6056
6068
6062
6066
6074
6032
6045
6027
6031
6063
6035
6042
6048
6049
6063
6053
6063
6026
6048
6046
6052
6023
6055
6081
6051
6035
6035
6053
6060
6058
6024
6063
6050
6059
6023
6060
6056
6020
6015
6075
6056
6062
6019
6019
6057
6017
6016
6036
6051
6048
6049
6049
6061
6046
6028
6051
6051
6041
6055
6042
6042
6066
6040
6064
6029
6052
6025
6059
6019
6024
6029
6025
6035
6084
6049
6039
6036
