30540
30310
30289
30416
30291
30298
30380
30395
30147
30277
30344
30330
30341
30448
30399
30344
30366
30459
30514
30270
30445
30370
30297
30462
30366
30350
30378
30345
30390
30305
30202
30370
30230
30483
30387
30279
30378
30383
30181
30315
30277
30248
30391
30247
30373
30472
30244
30103
30230
30244
30383
30404
30371
30244
30305
30348
30497
30290
30468
30337
30330
30365
30356
30389
30417
30361
30280
30521
30414
30350
30535
30283
30367
30356
30295
30141
30277
30297
30253
30510
30443
30505
30315
30251
30168
30575
30362
30425
30436
30339
30288
30263
30314
30436
30393
30485
30243
30308
30346
30206
