26838
1369
1353
1338
1354
1341
1368
1342
1349
1347
1364
1359
1354
1377
1372
1371
1357
1347
1360
1379
1342
1364
1355
1355
1354
1348
1355
1360
1366
1382
1346
1365
1353
1355
1352
1355
1369
1352
1348
1348
1384
1366
1366
1339
1359
1348
1362
1352
1368
1350
1361
1338
1349
1345
1351
1358
1358
1356
1375
1398
1357
1349
1339
1346
1357
1352
1350
1356
1362
1363
1355
1369
1363
1340
1341
1338
1351
1356
1358
1362
1354
1364
1352
1342
1361
1355
1336
1360
1383
1349
1373
1353
1353
1358
1341
1334
1334
1351
1355
1352
1351
