1420
1377
1384
1388
1410
1397
1399
1380
1373
1402
1377
1410
1378
1380
1400
1378
1402
1389
1389
1388
1388
1396
1394
1380
1384
1379
1388
1386
1394
1383
1397
1398
1401
1412
1396
1402
1386
1395
1369
1388
1395
1390
1390
1407
1447
1388
1386
1396
1383
1391
1395
1385
1405
1390
1405
1382
1403
1385
1377
1382
1390
1396
1385
1388
1387
1378
1413
1386
1379
1398
1374
1384
1387
1385
1388
1376
1375
1381
1394
1389
1371
1377
1388
1386
1395
1380
1379
1401
1400
1372
1419
1379
1389
1371
1385
1394
1402
1391
1385
1405
1393
