25299
1426
1361
1387
1364
1371
1377
1406
1362
1361
1382
1369
1364
1388
1365
1379
1363
1366
1405
1378
1373
1374
1366
1354
1365
1367
1369
1364
1385
1358
1369
1360
1365
1378
1361
1367
1364
1413
1371
1381
1356
1359
1391
1375
1392
1394
1381
1365
1377
1360
1373
1355
1367
1351
1367
1363
1375
1392
1362
1377
1373
1383
1372
1362
1388
1382
1370
1374
1359
1380
1362
1392
1395
1355
1385
1397
1370
1376
1394
1376
1385
1369
1374
1355
1354
1375
1372
1395
1383
1381
1367
1362
1373
1360
1399
1354
1385
1357
1360
1353
1351
