max_0-           0            0     1140149            0          0         0.46390
max_1-           0            0     1140149            0          0         0.44209
max_10-           0            0     1140149            0          0         0.44215
max_100-           0            0     1140149            0          0         0.44436
max_11-           0            0     1140149            0          0         0.44720
max_12-           0            0     1140149            0          0         0.45036
max_13-           0            0     1140149            0          0         0.44273
max_14-           0            0     1140149            0          0         0.44187
max_15-           0            0     1140149            0          0         0.44816
max_16-           0            0     1140149            0          0         0.43840
max_17-           0            0     1140149            0          0         0.44609
max_18-           0            0     1140149            0          0         0.44220
max_19-           0            0     1140149            0          0         0.44198
max_2-           0            0     1140149            0          0         0.45065
max_20-           0            0     1140149            0          0         0.44242
max_21-           0            0     1140149            0          0         0.43939
max_22-           0            0     1140149            0          0         0.45511
max_23-           0            0     1140149            0          0         0.44922
max_24-           0            0     1140149            0          0         0.44038
max_25-           0            0     1140149            0          0         0.44650
max_26-           0            0     1140149            0          0         0.44708
max_27-           0            0     1140149            0          0         0.44656
max_28-           0            0     1140149            0          0         0.45814
max_29-           0            0     1140149            0          0         0.44333
max_3-           0            0     1140149            0          0         0.43734
max_30-           0            0     1140149            0          0         0.44145
max_31-           0            0     1140149            0          0         0.44257
max_32-           0            0     1140149            0          0         0.44117
max_33-           0            0     1140149            0          0         0.44493
max_34-           0            0     1140149            0          0         0.44417
max_35-           0            0     1140149            0          0         0.46024
max_36-           0            0     1140149            0          0         0.46138
max_37-           0            0     1140149            0          0         0.45043
max_38-           0            0     1140149            0          0         0.44227
max_39-           0            0     1140149            0          0         0.44496
max_4-           0            0     1140149            0          0         0.43656
max_40-           0            0     1140149            0          0         0.44349
max_41-           0            0     1140149            0          0         0.44146
max_42-           0            0     1140149            0          0         0.44980
max_43-           0            0     1140149            0          0         0.44194
max_44-           0            0     1140149            0          0         0.44819
max_45-           0            0     1140149            0          0         0.44005
max_46-           0            0     1140149            0          0         0.44359
max_47-           0            0     1140149            0          0         0.44989
max_48-           0            0     1140149            0          0         0.44760
max_49-           0            0     1140149            0          0         0.45087
max_5-           0            0     1140149            0          0         0.44979
max_50-           0            0     1140149            0          0         0.45576
max_51-           0            0     1140149            0          0         0.45378
max_52-           0            0     1140149            0          0         0.46230
max_53-           0            0     1140149            0          0         0.44090
max_54-           0            0     1140149            0          0         0.46307
max_55-           0            0     1140149            0          0         0.46162
max_56-           0            0     1140149            0          0         0.44320
max_57-           0            0     1140149            0          0         0.45056
max_58-           0            0     1140149            0          0         0.44225
max_59-           0            0     1140149            0          0         0.44857
max_6-           0            0     1140149            0          0         0.46516
max_60-           0            0     1140149            0          0         0.44349
max_61-           0            0     1140149            0          0         0.45134
max_62-           0            0     1140149            0          0         0.44054
max_63-           0            0     1140149            0          0         0.44275
max_64-           0            0     1140149            0          0         0.44090
max_65-           0            0     1140149            0          0         0.45720
max_66-           0            0     1140149            0          0         0.45356
max_67-           0            0     1140149            0          0         0.44937
max_68-           0            0     1140149            0          0         0.45533
max_69-           0            0     1140149            0          0         0.44132
max_7-           0            0     1140149            0          0         0.44820
max_70-           0            0     1140149            0          0         0.44327
max_71-           0            0     1140149            0          0         0.44142
max_72-           0            0     1140149            0          0         0.44405
max_73-           0            0     1140149            0          0         0.44735
max_74-           0            0     1140149            0          0         0.44077
max_75-           0            0     1140149            0          0         0.44224
max_76-           0            0     1140149            0          0         0.44123
max_77-           0            0     1140149            0          0         0.43800
max_78-           0            0     1140149            0          0         0.45122
max_79-           0            0     1140149            0          0         0.45056
max_8-           0            0     1140149            0          0         0.45301
max_80-           0            0     1140149            0          0         0.44323
max_81-           0            0     1140149            0          0         0.44189
max_82-           0            0     1140149            0          0         0.44970
max_83-           0            0     1140149            0          0         0.45021
max_84-           0            0     1140149            0          0         0.44125
max_85-           0            0     1140149            0          0         0.44344
max_86-           0            0     1140149            0          0         0.44368
max_87-           0            0     1140149            0          0         0.44018
max_88-           0            0     1140149            0          0         0.44514
max_89-           0            0     1140149            0          0         0.44499
max_9-           0            0     1140149            0          0         0.44273
max_90-           0            0     1140149            0          0         0.45420
max_91-           0            0     1140149            0          0         0.45053
max_92-           0            0     1140149            0          0         0.45428
max_93-           0            0     1140149            0          0         0.45204
max_94-           0            0     1140149            0          0         0.44528
max_95-           0            0     1140149            0          0         0.44767
max_96-           0            0     1140149            0          0         0.45761
max_97-           0            0     1140149            0          0         0.44504
max_98-           0            0     1140149            0          0         0.45378
max_99-           0            0     1140149            0          0         0.44662
