sum_0-           0            0     1140149            0          0         0.44983
sum_1-           0            0     1140149            0          0         0.45452
sum_10-           0            0     1140149            0          0         0.43859
sum_100-           0            0     1140149            0          0         0.45592
sum_11-           0            0     1140149            0          0         0.44709
sum_12-           0            0     1140149            0          0         0.43688
sum_13-           0            0     1140149            0          0         0.45153
sum_14-           0            0     1140149            0          0         0.43950
sum_15-           0            0     1140149            0          0         0.44045
sum_16-           0            0     1140149            0          0         0.43534
sum_17-           0            0     1140149            0          0         0.44685
sum_18-           0            0     1140149            0          0         0.44782
sum_19-           0            0     1140149            0          0         0.43935
sum_2-           0            0     1140149            0          0         0.43906
sum_20-           0            0     1140149            0          0         0.43822
sum_21-           0            0     1140149            0          0         0.44827
sum_22-           0            0     1140149            0          0         0.44784
sum_23-           0            0     1140149            0          0         0.45681
sum_24-           0            0     1140149            0          0         0.44654
sum_25-           0            0     1140149            0          0         0.44160
sum_26-           0            0     1140149            0          0         0.44080
sum_27-           0            0     1140149            0          0         0.44084
sum_28-           0            0     1140149            0          0         0.44094
sum_29-           0            0     1140149            0          0         0.44901
sum_3-           0            0     1140149            0          0         0.44116
sum_30-           0            0     1140149            0          0         0.44465
sum_31-           0            0     1140149            0          0         0.44964
sum_32-           0            0     1140149            0          0         0.44231
sum_33-           0            0     1140149            0          0         0.44188
sum_34-           0            0     1140149            0          0         0.44068
sum_35-           0            0     1140149            0          0         0.45033
sum_36-           0            0     1140149            0          0         0.44029
sum_37-           0            0     1140149            0          0         0.44081
sum_38-           0            0     1140149            0          0         0.43381
sum_39-           0            0     1140149            0          0         0.44114
sum_4-           0            0     1140149            0          0         0.44075
sum_40-           0            0     1140149            0          0         0.43851
sum_41-           0            0     1140149            0          0         0.44521
sum_42-           0            0     1140149            0          0         0.44107
sum_43-           0            0     1140149            0          0         0.43746
sum_44-           0            0     1140149            0          0         0.44669
sum_45-           0            0     1140149            0          0         0.44609
sum_46-           0            0     1140149            0          0         0.44537
sum_47-           0            0     1140149            0          0         0.45091
sum_48-           0            0     1140149            0          0         0.44383
sum_49-           0            0     1140149            0          0         0.45155
sum_5-           0            0     1140149            0          0         0.45125
sum_50-           0            0     1140149            0          0         0.44264
sum_51-           0            0     1140149            0          0         0.45152
sum_52-           0            0     1140149            0          0         0.43905
sum_53-           0            0     1140149            0          0         0.45069
sum_54-           0            0     1140149            0          0         0.44853
sum_55-           0            0     1140149            0          0         0.44621
sum_56-           0            0     1140149            0          0         0.45012
sum_57-           0            0     1140149            0          0         0.44783
sum_58-           0            0     1140149            0          0         0.44825
sum_59-           0            0     1140149            0          0         0.45450
sum_6-           0            0     1140149            0          0         0.44176
sum_60-           0            0     1140149            0          0         0.44549
sum_61-           0            0     1140149            0          0         0.43904
sum_62-           0            0     1140149            0          0         0.44409
sum_63-           0            0     1140149            0          0         0.44544
sum_64-           0            0     1140149            0          0         0.43758
sum_65-           0            0     1140149            0          0         0.44979
sum_66-           0            0     1140149            0          0         0.44627
sum_67-           0            0     1140149            0          0         0.44167
sum_68-           0            0     1140149            0          0         0.44660
sum_69-           0            0     1140149            0          0         0.44137
sum_7-           0            0     1140149            0          0         0.44163
sum_70-           0            0     1140149            0          0         0.44178
sum_71-           0            0     1140149            0          0         0.45542
sum_72-           0            0     1140149            0          0         0.44749
sum_73-           0            0     1140149            0          0         0.45159
sum_74-           0            0     1140149            0          0         0.44019
sum_75-           0            0     1140149            0          0         0.44034
sum_76-           0            0     1140149            0          0         0.45395
sum_77-           0            0     1140149            0          0         0.45919
sum_78-           0            0     1140149            0          0         0.44300
sum_79-           0            0     1140149            0          0         0.44373
sum_8-           0            0     1140149            0          0         0.44085
sum_80-           0            0     1140149            0          0         0.44451
sum_81-           0            0     1140149            0          0         0.44186
sum_82-           0            0     1140149            0          0         0.44344
sum_83-           0            0     1140149            0          0         0.45254
sum_84-           0            0     1140149            0          0         0.43997
sum_85-           0            0     1140149            0          0         0.44481
sum_86-           0            0     1140149            0          0         0.43758
sum_87-           0            0     1140149            0          0         0.44274
sum_88-           0            0     1140149            0          0         0.43556
sum_89-           0            0     1140149            0          0         0.45700
sum_9-           0            0     1140149            0          0         0.43810
sum_90-           0            0     1140149            0          0         0.43968
sum_91-           0            0     1140149            0          0         0.44626
sum_92-           0            0     1140149            0          0         0.44315
sum_93-           0            0     1140149            0          0         0.44535
sum_94-           0            0     1140149            0          0         0.43892
sum_95-           0            0     1140149            0          0         0.44597
sum_96-           0            0     1140149            0          0         0.44185
sum_97-           0            0     1140149            0          0         0.43755
sum_98-           0            0     1140149            0          0         0.45628
sum_99-           0            0     1140149            0          0         0.45955
