sum_0-           0            0     1632803            0          0         6.99536
sum_1-           0            0     1632803            0          0         1.39758
sum_10-           0            0     1632803            0          0         1.43217
sum_100-           0            0     1632803            0          0         1.42972
sum_11-           0            0     1632803            0          0         1.41611
sum_12-           0            0     1632803            0          0         1.43083
sum_13-           0            0     1632803            0          0         1.40793
sum_14-           0            0     1632803            0          0         1.43169
sum_15-           0            0     1632803            0          0         1.44624
sum_16-           0            0     1632803            0          0         1.44248
sum_17-           0            0     1632803            0          0         1.43534
sum_18-           0            0     1632803            0          0         1.44148
sum_19-           0            0     1632803            0          0         1.46481
sum_2-           0            0     1632803            0          0         1.42918
sum_20-           0            0     1632803            0          0         1.43057
sum_21-           0            0     1632803            0          0         1.41445
sum_22-           0            0     1632803            0          0         1.45115
sum_23-           0            0     1632803            0          0         1.42856
sum_24-           0            0     1632803            0          0         1.41662
sum_25-           0            0     1632803            0          0         1.42497
sum_26-           0            0     1632803            0          0         1.40126
sum_27-           0            0     1632803            0          0         1.42770
sum_28-           0            0     1632803            0          0         1.42637
sum_29-           0            0     1632803            0          0         1.41920
sum_3-           0            0     1632803            0          0         1.42193
sum_30-           0            0     1632803            0          0         1.43456
sum_31-           0            0     1632803            0          0         1.40529
sum_32-           0            0     1632803            0          0         1.41950
sum_33-           0            0     1632803            0          0         1.41013
sum_34-           0            0     1632803            0          0         1.42584
sum_35-           0            0     1632803            0          0         1.41199
sum_36-           0            0     1632803            0          0         1.42945
sum_37-           0            0     1632803            0          0         1.40513
sum_38-           0            0     1632803            0          0         1.41756
sum_39-           0            0     1632803            0          0         1.41183
sum_4-           0            0     1632803            0          0         1.42457
sum_40-           0            0     1632803            0          0         1.41674
sum_41-           0            0     1632803            0          0         1.41565
sum_42-           0            0     1632803            0          0         1.42493
sum_43-           0            0     1632803            0          0         1.41397
sum_44-           0            0     1632803            0          0         1.44232
sum_45-           0            0     1632803            0          0         1.40721
sum_46-           0            0     1632803            0          0         1.40816
sum_47-           0            0     1632803            0          0         1.41821
sum_48-           0            0     1632803            0          0         1.41982
sum_49-           0            0     1632803            0          0         1.43941
sum_5-           0            0     1632803            0          0         1.43604
sum_50-           0            0     1632803            0          0         1.44087
sum_51-           0            0     1632803            0          0         1.41600
sum_52-           0            0     1632803            0          0         1.42348
sum_53-           0            0     1632803            0          0         1.42936
sum_54-           0            0     1632803            0          0         1.42369
sum_55-           0            0     1632803            0          0         1.42503
sum_56-           0            0     1632803            0          0         1.42838
sum_57-           0            0     1632803            0          0         1.40606
sum_58-           0            0     1632803            0          0         1.40055
sum_59-           0            0     1632803            0          0         1.40715
sum_6-           0            0     1632803            0          0         1.43164
sum_60-           0            0     1632803            0          0         1.41885
sum_61-           0            0     1632803            0          0         1.43762
sum_62-           0            0     1632803            0          0         1.43456
sum_63-           0            0     1632803            0          0         1.43519
sum_64-           0            0     1632803            0          0         1.43729
sum_65-           0            0     1632803            0          0         1.44470
sum_66-           0            0     1632803            0          0         1.42704
sum_67-           0            0     1632803            0          0         1.42292
sum_68-           0            0     1632803            0          0         1.41767
sum_69-           0            0     1632803            0          0         1.40304
sum_7-           0            0     1632803            0          0         1.41836
sum_70-           0            0     1632803            0          0         1.42529
sum_71-           0            0     1632803            0          0         1.43891
sum_72-           0            0     1632803            0          0         1.43318
sum_73-           0            0     1632803            0          0         1.43497
sum_74-           0            0     1632803            0          0         1.41481
sum_75-           0            0     1632803            0          0         1.43278
sum_76-           0            0     1632803            0          0         1.41025
sum_77-           0            0     1632803            0          0         1.42300
sum_78-           0            0     1632803            0          0         1.44114
sum_79-           0            0     1632803            0          0         1.42170
sum_8-           0            0     1632803            0          0         1.42253
sum_80-           0            0     1632803            0          0         1.42748
sum_81-           0            0     1632803            0          0         1.46023
sum_82-           0            0     1632803            0          0         1.39473
sum_83-           0            0     1632803            0          0         1.42167
sum_84-           0            0     1632803            0          0         1.44613
sum_85-           0            0     1632803            0          0         1.42622
sum_86-           0            0     1632803            0          0         1.41703
sum_87-           0            0     1632803            0          0         1.41420
sum_88-           0            0     1632803            0          0         1.42179
sum_89-           0            0     1632803            0          0         1.41988
sum_9-           0            0     1632803            0          0         1.41697
sum_90-           0            0     1632803            0          0         1.41078
sum_91-           0            0     1632803            0          0         1.42608
sum_92-           0            0     1632803            0          0         1.42252
sum_93-           0            0     1632803            0          0         1.42069
sum_94-           0            0     1632803            0          0         1.42025
sum_95-           0            0     1632803            0          0         1.42567
sum_96-           0            0     1632803            0          0         1.42529
sum_97-           0            0     1632803            0          0         1.42835
sum_98-           0            0     1632803            0          0         1.42759
sum_99-           0            0     1632803            0          0         1.42937
