count_0-           0            0     1632803            0          0         1.38977
count_1-           0            0     1632803            0          0         1.39398
count_10-           0            0     1632803            0          0         1.41293
count_100-           0            0     1632803            0          0         1.38780
count_11-           0            0     1632803            0          0         1.41111
count_12-           0            0     1632803            0          0         1.39402
count_13-           0            0     1632803            0          0         1.41402
count_14-           0            0     1632803            0          0         1.40353
count_15-           0            0     1632803            0          0         1.39140
count_16-           0            0     1632803            0          0         1.41694
count_17-           0            0     1632803            0          0         1.39493
count_18-           0            0     1632803            0          0         1.40869
count_19-           0            0     1632803            0          0         1.40305
count_2-           0            0     1632803            0          0         1.40035
count_20-           0            0     1632803            0          0         1.37537
count_21-           0            0     1632803            0          0         1.40612
count_22-           0            0     1632803            0          0         1.40018
count_23-           0            0     1632803            0          0         1.38065
count_24-           0            0     1632803            0          0         1.39836
count_25-           0            0     1632803            0          0         1.40575
count_26-           0            0     1632803            0          0         1.39939
count_27-           0            0     1632803            0          0         1.38782
count_28-           0            0     1632803            0          0         1.41229
count_29-           0            0     1632803            0          0         1.42168
count_3-           0            0     1632803            0          0         1.39409
count_30-           0            0     1632803            0          0         1.40065
count_31-           0            0     1632803            0          0         1.41873
count_32-           0            0     1632803            0          0         1.42059
count_33-           0            0     1632803            0          0         1.38745
count_34-           0            0     1632803            0          0         1.42099
count_35-           0            0     1632803            0          0         1.41948
count_36-           0            0     1632803            0          0         1.41690
count_37-           0            0     1632803            0          0         1.41560
count_38-           0            0     1632803            0          0         1.41511
count_39-           0            0     1632803            0          0         1.42082
count_4-           0            0     1632803            0          0         1.40185
count_40-           0            0     1632803            0          0         1.39167
count_41-           0            0     1632803            0          0         1.39339
count_42-           0            0     1632803            0          0         1.39379
count_43-           0            0     1632803            0          0         1.37253
count_44-           0            0     1632803            0          0         1.37732
count_45-           0            0     1632803            0          0         1.38742
count_46-           0            0     1632803            0          0         1.39496
count_47-           0            0     1632803            0          0         1.39878
count_48-           0            0     1632803            0          0         1.39958
count_49-           0            0     1632803            0          0         1.40867
count_5-           0            0     1632803            0          0         1.40279
count_50-           0            0     1632803            0          0         1.40326
count_51-           0            0     1632803            0          0         1.40465
count_52-           0            0     1632803            0          0         1.40500
count_53-           0            0     1632803            0          0         1.39282
count_54-           0            0     1632803            0          0         1.37195
count_55-           0            0     1632803            0          0         1.40028
count_56-           0            0     1632803            0          0         1.40375
count_57-           0            0     1632803            0          0         1.40578
count_58-           0            0     1632803            0          0         1.40505
count_59-           0            0     1632803            0          0         1.39685
count_6-           0            0     1632803            0          0         1.40181
count_60-           0            0     1632803            0          0         1.40519
count_61-           0            0     1632803            0          0         1.42197
count_62-           0            0     1632803            0          0         1.41589
count_63-           0            0     1632803            0          0         1.39379
count_64-           0            0     1632803            0          0         1.40634
count_65-           0            0     1632803            0          0         1.41765
count_66-           0            0     1632803            0          0         1.40353
count_67-           0            0     1632803            0          0         1.41236
count_68-           0            0     1632803            0          0         1.40707
count_69-           0            0     1632803            0          0         1.39497
count_7-           0            0     1632803            0          0         1.39714
count_70-           0            0     1632803            0          0         1.39060
count_71-           0            0     1632803            0          0         1.39462
count_72-           0            0     1632803            0          0         1.39418
count_73-           0            0     1632803            0          0         1.40844
count_74-           0            0     1632803            0          0         1.40895
count_75-           0            0     1632803            0          0         1.39072
count_76-           0            0     1632803            0          0         1.40969
count_77-           0            0     1632803            0          0         1.39541
count_78-           0            0     1632803            0          0         1.41273
count_79-           0            0     1632803            0          0         1.39233
count_8-           0            0     1632803            0          0         1.41632
count_80-           0            0     1632803            0          0         1.39030
count_81-           0            0     1632803            0          0         1.40037
count_82-           0            0     1632803            0          0         1.38756
count_83-           0            0     1632803            0          0         1.39093
count_84-           0            0     1632803            0          0         1.39185
count_85-           0            0     1632803            0          0         1.38518
count_86-           0            0     1632803            0          0         1.38813
count_87-           0            0     1632803            0          0         1.40845
count_88-           0            0     1632803            0          0         1.39798
count_89-           0            0     1632803            0          0         1.39667
count_9-           0            0     1632803            0          0         1.40483
count_90-           0            0     1632803            0          0         1.40130
count_91-           0            0     1632803            0          0         1.41798
count_92-           0            0     1632803            0          0         1.40655
count_93-           0            0     1632803            0          0         1.39049
count_94-           0            0     1632803            0          0         1.39957
count_95-           0            0     1632803            0          0         1.41040
count_96-           0            0     1632803            0          0         1.40035
count_97-           0            0     1632803            0          0         1.39661
count_98-           0            0     1632803            0          0         1.40100
count_99-           0            0     1632803            0          0         1.38795
