avg_0-           0            0     1140149            0          0         0.46313
avg_1-           0            0     1140149            0          0         0.44164
avg_10-           0            0     1140149            0          0         0.44302
avg_100-           0            0     1140149            0          0         0.44433
avg_11-           0            0     1140149            0          0         0.44527
avg_12-           0            0     1140149            0          0         0.45105
avg_13-           0            0     1140149            0          0         0.44365
avg_14-           0            0     1140149            0          0         0.44304
avg_15-           0            0     1140149            0          0         0.44563
avg_16-           0            0     1140149            0          0         0.43626
avg_17-           0            0     1140149            0          0         0.43889
avg_18-           0            0     1140149            0          0         0.46114
avg_19-           0            0     1140149            0          0         0.43823
avg_2-           0            0     1140149            0          0         0.44923
avg_20-           0            0     1140149            0          0         0.45293
avg_21-           0            0     1140149            0          0         0.44677
avg_22-           0            0     1140149            0          0         0.44845
avg_23-           0            0     1140149            0          0         0.46079
avg_24-           0            0     1140149            0          0         0.43688
avg_25-           0            0     1140149            0          0         0.43780
avg_26-           0            0     1140149            0          0         0.45341
avg_27-           0            0     1140149            0          0         0.43757
avg_28-           0            0     1140149            0          0         0.44850
avg_29-           0            0     1140149            0          0         0.45006
avg_3-           0            0     1140149            0          0         0.45008
avg_30-           0            0     1140149            0          0         0.44554
avg_31-           0            0     1140149            0          0         0.44828
avg_32-           0            0     1140149            0          0         0.45376
avg_33-           0            0     1140149            0          0         0.44077
avg_34-           0            0     1140149            0          0         0.44745
avg_35-           0            0     1140149            0          0         0.44628
avg_36-           0            0     1140149            0          0         0.42957
avg_37-           0            0     1140149            0          0         0.44568
avg_38-           0            0     1140149            0          0         0.44439
avg_39-           0            0     1140149            0          0         0.44142
avg_4-           0            0     1140149            0          0         0.44063
avg_40-           0            0     1140149            0          0         0.45275
avg_41-           0            0     1140149            0          0         0.44399
avg_42-           0            0     1140149            0          0         0.44812
avg_43-           0            0     1140149            0          0         0.44988
avg_44-           0            0     1140149            0          0         0.43826
avg_45-           0            0     1140149            0          0         0.45273
avg_46-           0            0     1140149            0          0         0.44767
avg_47-           0            0     1140149            0          0         0.43759
avg_48-           0            0     1140149            0          0         0.44400
avg_49-           0            0     1140149            0          0         0.43511
avg_5-           0            0     1140149            0          0         0.43746
avg_50-           0            0     1140149            0          0         0.45235
avg_51-           0            0     1140149            0          0         0.44952
avg_52-           0            0     1140149            0          0         0.46182
avg_53-           0            0     1140149            0          0         0.44509
avg_54-           0            0     1140149            0          0         0.44435
avg_55-           0            0     1140149            0          0         0.44902
avg_56-           0            0     1140149            0          0         0.44445
avg_57-           0            0     1140149            0          0         0.44125
avg_58-           0            0     1140149            0          0         0.43948
avg_59-           0            0     1140149            0          0         0.45167
avg_6-           0            0     1140149            0          0         0.45788
avg_60-           0            0     1140149            0          0         0.44420
avg_61-           0            0     1140149            0          0         0.45041
avg_62-           0            0     1140149            0          0         0.44232
avg_63-           0            0     1140149            0          0         0.46058
avg_64-           0            0     1140149            0          0         0.43474
avg_65-           0            0     1140149            0          0         0.43707
avg_66-           0            0     1140149            0          0         0.43937
avg_67-           0            0     1140149            0          0         0.45521
avg_68-           0            0     1140149            0          0         0.44334
avg_69-           0            0     1140149            0          0         0.44990
avg_7-           0            0     1140149            0          0         0.44503
avg_70-           0            0     1140149            0          0         0.44430
avg_71-           0            0     1140149            0          0         0.44225
avg_72-           0            0     1140149            0          0         0.46381
avg_73-           0            0     1140149            0          0         0.45703
avg_74-           0            0     1140149            0          0         0.45435
avg_75-           0            0     1140149            0          0         0.44584
avg_76-           0            0     1140149            0          0         0.44154
avg_77-           0            0     1140149            0          0         0.44411
avg_78-           0            0     1140149            0          0         0.45184
avg_79-           0            0     1140149            0          0         0.44470
avg_8-           0            0     1140149            0          0         0.44949
avg_80-           0            0     1140149            0          0         0.44678
avg_81-           0            0     1140149            0          0         0.44598
avg_82-           0            0     1140149            0          0         0.44798
avg_83-           0            0     1140149            0          0         0.44136
avg_84-           0            0     1140149            0          0         0.44631
avg_85-           0            0     1140149            0          0         0.43837
avg_86-           0            0     1140149            0          0         0.44316
avg_87-           0            0     1140149            0          0         0.45841
avg_88-           0            0     1140149            0          0         0.44057
avg_89-           0            0     1140149            0          0         0.44528
avg_9-           0            0     1140149            0          0         0.44660
avg_90-           0            0     1140149            0          0         0.44737
avg_91-           0            0     1140149            0          0         0.44972
avg_92-           0            0     1140149            0          0         0.45087
avg_93-           0            0     1140149            0          0         0.43838
avg_94-           0            0     1140149            0          0         0.44471
avg_95-           0            0     1140149            0          0         0.44065
avg_96-           0            0     1140149            0          0         0.44538
avg_97-           0            0     1140149            0          0         0.44488
avg_98-           0            0     1140149            0          0         0.45275
avg_99-           0            0     1140149            0          0         0.44053
