0.46313
0.44164
0.44302
0.44433
0.44527
0.45105
0.44365
0.44304
0.44563
0.43626
0.43889
0.46114
0.43823
0.44923
0.45293
0.44677
0.44845
0.46079
0.43688
0.43780
0.45341
0.43757
0.44850
0.45006
0.45008
0.44554
0.44828
0.45376
0.44077
0.44745
0.44628
0.42957
0.44568
0.44439
0.44142
0.44063
0.45275
0.44399
0.44812
0.44988
0.43826
0.45273
0.44767
0.43759
0.44400
0.43511
0.43746
0.45235
0.44952
0.46182
0.44509
0.44435
0.44902
0.44445
0.44125
0.43948
0.45167
0.45788
0.44420
0.45041
0.44232
0.46058
0.43474
0.43707
0.43937
0.45521
0.44334
0.44990
0.44503
0.44430
0.44225
0.46381
0.45703
0.45435
0.44584
0.44154
0.44411
0.45184
0.44470
0.44949
0.44678
0.44598
0.44798
0.44136
0.44631
0.43837
0.44316
0.45841
0.44057
0.44528
0.44660
0.44737
0.44972
0.45087
0.43838
0.44471
0.44065
0.44538
0.44488
0.45275
0.44053
