10.94601
1.43270
1.41370
1.43126
1.40942
1.40924
1.40222
1.41763
1.41356
1.41533
1.40735
1.41306
1.40054
1.45207
1.39929
1.40006
1.41066
1.41527
1.41949
1.40593
1.40295
1.40873
1.43267
1.43646
1.41488
1.45290
1.42132
1.42275
1.43863
1.41460
1.39692
1.39524
1.41730
1.41197
1.40180
1.40244
1.39906
1.40311
1.42784
1.41160
1.41130
1.40346
1.40197
1.42394
1.40800
1.43075
1.40291
1.42049
1.42715
1.42650
1.42130
1.42678
1.42178
1.39959
1.41065
1.41979
1.41249
1.40102
1.40532
1.41566
1.41675
1.41788
1.41749
1.41745
1.42426
1.39504
1.40479
1.40089
1.40439
1.39931
1.40090
1.40200
1.39859
1.39501
1.39747
1.39969
1.39936
1.41525
1.41067
1.41563
1.39982
1.41717
1.39593
1.41797
1.39534
1.41931
1.44411
1.41665
1.40083
1.42327
1.42664
1.42810
1.40694
1.42620
1.40161
1.40242
1.41587
1.39891
1.41589
1.41074
1.40436
