1.38977
1.39398
1.41293
1.38780
1.41111
1.39402
1.41402
1.40353
1.39140
1.41694
1.39493
1.40869
1.40305
1.40035
1.37537
1.40612
1.40018
1.38065
1.39836
1.40575
1.39939
1.38782
1.41229
1.42168
1.39409
1.40065
1.41873
1.42059
1.38745
1.42099
1.41948
1.41690
1.41560
1.41511
1.42082
1.40185
1.39167
1.39339
1.39379
1.37253
1.37732
1.38742
1.39496
1.39878
1.39958
1.40867
1.40279
1.40326
1.40465
1.40500
1.39282
1.37195
1.40028
1.40375
1.40578
1.40505
1.39685
1.40181
1.40519
1.42197
1.41589
1.39379
1.40634
1.41765
1.40353
1.41236
1.40707
1.39497
1.39714
1.39060
1.39462
1.39418
1.40844
1.40895
1.39072
1.40969
1.39541
1.41273
1.39233
1.41632
1.39030
1.40037
1.38756
1.39093
1.39185
1.38518
1.38813
1.40845
1.39798
1.39667
1.40483
1.40130
1.41798
1.40655
1.39049
1.39957
1.41040
1.40035
1.39661
1.40100
1.38795
