0.42142
0.41725
0.42851
0.41974
0.41673
0.41423
0.41658
0.44145
0.41768
0.42048
0.41991
0.42356
0.42764
0.41957
0.42088
0.41454
0.41952
0.42746
0.43083
0.42453
0.41557
0.41657
0.41805
0.41397
0.41714
0.43150
0.41244
0.42402
0.41506
0.42298
0.41498
0.41411
0.41576
0.42677
0.41463
0.41831
0.41988
0.41383
0.42097
0.42611
0.41648
0.42337
0.42542
0.41376
0.41668
0.42247
0.42247
0.41799
0.41722
0.41860
0.42270
0.44042
0.41560
0.41616
0.42966
0.42810
0.42920
0.41471
0.42000
0.41944
0.41676
0.42371
0.42423
0.41517
0.41563
0.42683
0.42035
0.41720
0.41738
0.41912
0.41844
0.42110
0.41950
0.42323
0.42033
0.41912
0.42947
0.41922
0.41779
0.41794
0.41901
0.42324
0.42294
0.42105
0.42226
0.41461
0.41740
0.41544
0.42988
0.41457
0.41394
0.41886
0.41592
0.41782
0.41542
0.41501
0.42228
0.41834
0.42529
0.43209
0.42397
