591.49846
436.94573
431.63683
432.11987
444.51957
448.58962
445.93946
443.78363
434.32534
445.69375
439.34297
437.77779
435.88726
429.74937
436.17560
442.13579
430.56377
425.94489
432.36886
442.27393
438.12714
442.10370
437.59431
431.56774
444.98184
443.83274
433.65665
443.72984
429.38180
446.11052
434.18372
438.41687
431.87938
429.07158
432.01051
433.74852
446.39747
440.09327
432.41040
450.15273
432.45990
435.36034
445.38364
444.16493
442.24559
443.43768
441.45804
444.20659
446.98587
431.68808
446.25440
436.44790
444.85326
439.25138
438.27219
437.27950
439.65408
431.29397
439.51465
429.14812
444.37663
433.92337
446.86742
432.98646
436.47381
434.46966
428.92441
434.54929
441.10029
447.89499
434.48043
440.08227
443.43073
434.21667
443.85927
442.38590
438.55115
443.09858
441.87532
446.33866
443.29789
439.04713
448.37971
441.05538
445.96695
435.59744
448.71380
442.48308
444.23758
440.38836
444.81333
441.13543
442.55265
439.78788
439.67772
445.23509
443.64861
442.16475
434.05820
442.02199
437.78830
