198.75463
139.42741
138.94132
131.28556
140.13402
139.00618
139.37793
139.00004
139.29868
139.74581
139.16699
139.74614
139.48984
139.61022
139.06697
139.77097
139.15747
139.75773
139.04147
139.05584
139.23851
139.32265
139.79303
139.40108
139.15823
139.92792
139.21744
139.22172
139.50682
138.98784
139.50450
139.49658
139.24660
139.08584
139.25661
139.44450
139.09017
139.20175
139.30349
138.98058
139.30293
139.15330
139.73763
139.29376
139.15462
139.15171
139.59787
131.19854
131.25047
131.00369
131.93039
131.13659
131.56884
131.24272
131.97725
130.85422
131.89831
139.76988
131.00383
131.82321
131.06186
131.20781
131.00536
131.88092
131.52431
131.12981
132.31481
131.09515
139.21730
131.22250
131.60101
131.16080
131.11577
131.95965
131.05370
131.38763
131.29474
131.25735
131.47111
139.09980
131.11887
131.60170
131.00750
131.24869
131.68688
131.22226
131.38112
131.07684
132.01701
131.34709
139.71711
131.10012
130.96640
131.55214
131.11468
131.58802
131.05751
131.91083
131.53266
131.69564
131.22052
