0.46390
0.44209
0.44215
0.44436
0.44720
0.45036
0.44273
0.44187
0.44816
0.43840
0.44609
0.44220
0.44198
0.45065
0.44242
0.43939
0.45511
0.44922
0.44038
0.44650
0.44708
0.44656
0.45814
0.44333
0.43734
0.44145
0.44257
0.44117
0.44493
0.44417
0.46024
0.46138
0.45043
0.44227
0.44496
0.43656
0.44349
0.44146
0.44980
0.44194
0.44819
0.44005
0.44359
0.44989
0.44760
0.45087
0.44979
0.45576
0.45378
0.46230
0.44090
0.46307
0.46162
0.44320
0.45056
0.44225
0.44857
0.46516
0.44349
0.45134
0.44054
0.44275
0.44090
0.45720
0.45356
0.44937
0.45533
0.44132
0.44820
0.44327
0.44142
0.44405
0.44735
0.44077
0.44224
0.44123
0.43800
0.45122
0.45056
0.45301
0.44323
0.44189
0.44970
0.45021
0.44125
0.44344
0.44368
0.44018
0.44514
0.44499
0.44273
0.45420
0.45053
0.45428
0.45204
0.44528
0.44767
0.45761
0.44504
0.45378
0.44662
