1.42317
1.43858
1.41246
1.41572
1.41583
1.42995
1.42111
1.41595
1.41327
1.41681
1.42783
1.41976
1.43248
1.43260
1.41965
1.41243
1.41792
1.42572
1.41010
1.41733
1.41254
1.41442
1.41420
1.41224
1.47573
1.42095
1.41261
1.42604
1.41821
1.42701
1.40690
1.41880
1.42996
1.41565
1.40720
1.42529
1.41692
1.42018
1.41471
1.41498
1.41645
1.42385
1.42695
1.41364
1.41923
1.41777
1.41998
1.43196
1.42932
1.43800
1.43397
1.43283
1.43243
1.41327
1.41291
1.41180
1.41041
1.41592
1.41665
1.43020
1.43139
1.41468
1.42572
1.42699
1.42676
1.42606
1.41563
1.42704
1.41659
1.41456
1.43219
1.42260
1.42105
1.43723
1.41930
1.44936
1.42811
1.42169
1.46426
1.41149
1.45184
1.41311
1.42408
1.42631
1.42323
1.43152
1.43167
1.44017
1.44180
1.44047
1.41778
1.41689
1.42131
1.42020
1.41906
1.44372
1.41693
1.41909
1.43353
1.43240
1.43296
