0.44317
0.45166
0.44361
0.44599
0.46778
0.44798
0.45566
0.45674
0.44322
0.44892
0.45170
0.44915
0.44326
0.45692
0.44405
0.44440
0.44170
0.44298
0.44897
0.44274
0.44793
0.45150
0.44772
0.44218
0.44925
0.45356
0.44643
0.44883
0.44140
0.44414
0.44583
0.44548
0.44547
0.44821
0.45038
0.45206
0.45974
0.44385
0.44497
0.45026
0.44515
0.45276
0.44170
0.44642
0.45016
0.44792
0.44815
0.44644
0.45185
0.44722
0.44814
0.43965
0.44389
0.44347
0.44451
0.44728
0.44609
0.45134
0.44259
0.44904
0.44617
0.44681
0.44884
0.45333
0.45099
0.44677
0.45166
0.44388
0.44652
0.44529
0.44599
0.44653
0.44804
0.44835
0.44553
0.44847
0.44409
0.44667
0.44973
0.44829
0.44804
0.44636
0.44482
0.44713
0.44989
0.44294
0.44611
0.44683
0.44515
0.44319
0.45928
0.45232
0.44372
0.44558
0.44685
0.45143
0.44994
0.45023
0.44426
0.45684
0.44318
