5.29420
1.47565
1.55037
1.45108
1.52492
1.50485
1.45481
1.46194
1.45691
1.51271
1.45562
1.47067
1.49836
1.47830
1.49669
1.48324
1.47597
1.48587
1.57364
1.47926
1.48991
1.48671
1.53576
1.50043
1.47334
1.49439
1.49134
1.47250
1.46083
1.46690
1.47504
1.51207
1.47793
1.45973
1.47187
1.46278
1.51161
1.48823
1.53452
1.47750
1.49934
1.48263
1.52670
1.50705
1.43585
1.50415
1.45008
1.46578
1.45990
1.47325
1.46815
1.44414
1.46437
1.55526
1.44728
1.45931
1.44511
1.53597
1.46702
1.46781
1.49639
1.44416
1.44265
1.46034
1.44834
1.44414
1.49301
1.44525
1.48132
1.44689
1.50532
1.48460
1.45719
1.52088
1.45231
1.45364
1.45924
1.44466
1.45003
1.56257
1.48567
1.46664
1.46315
1.45453
1.53449
1.45379
1.47223
1.48527
1.43689
1.45740
1.66829
1.45717
1.44672
1.44508
1.44268
1.46609
1.48565
1.47290
1.48506
1.45663
1.44213
