0.09776
0.00042
0.00041
0.00046
0.00043
0.00043
0.00043
0.00045
0.00041
0.00044
0.00045
0.00044
0.00048
0.00043
0.00047
0.00047
0.00047
0.00043
0.00041
0.00041
0.00045
0.00041
0.00042
0.00045
0.00043
0.00043
0.00041
0.00041
0.00044
0.00047
0.00042
0.00043
0.00043
0.00045
0.00041
0.00043
0.00042
0.00045
0.00042
0.00045
0.00048
0.00040
0.00047
0.00042
0.00043
0.00042
0.00043
0.00044
0.00044
0.00040
0.00045
0.00042
0.00044
0.00042
0.00042
0.00043
0.00041
0.00049
0.00045
0.00042
0.00044
0.00045
0.00042
0.00042
0.00044
0.00042
0.00042
0.00040
0.00042
0.00043
0.00040
0.00046
0.00042
0.00043
0.00046
0.00043
0.00042
0.00042
0.00041
0.00044
0.00041
0.00045
0.00045
0.00040
0.00042
0.00040
0.00043
0.00041
0.00043
0.00047
0.00045
0.00040
0.00041
0.00043
0.00041
0.00042
0.00044
0.00042
0.00041
0.00044
0.00043
