0.06402
0.00045
0.00045
0.00048
0.00046
0.00047
0.00044
0.00050
0.00048
0.00044
0.00047
0.00045
0.00045
0.00045
0.00047
0.00045
0.00046
0.00054
0.00044
0.00050
0.00049
0.00045
0.00047
0.00046
0.00046
0.00048
0.00046
0.00047
0.00046
0.00046
0.00050
0.00047
0.00044
0.00046
0.00049
0.00047
0.00045
0.00049
0.00044
0.00046
0.00044
0.00048
0.00045
0.00044
0.00046
0.00044
0.00045
0.00045
0.00045
0.00046
0.00045
0.00048
0.00048
0.00046
0.00046
0.00044
0.00045
0.00049
0.00044
0.00046
0.00044
0.00046
0.00048
0.00045
0.00044
0.00047
0.00045
0.00048
0.00046
0.00045
0.00046
0.00045
0.00044
0.00048
0.00049
0.00048
0.00046
0.00046
0.00047
0.00046
0.00045
0.00044
0.00045
0.00046
0.00043
0.00045
0.00043
0.00044
0.00045
0.00051
0.00044
0.00044
0.00050
0.00044
0.00047
0.00048
0.00045
0.00049
0.00046
0.00044
0.00044
