0.44983
0.45452
0.43859
0.45592
0.44709
0.43688
0.45153
0.43950
0.44045
0.43534
0.44685
0.44782
0.43935
0.43906
0.43822
0.44827
0.44784
0.45681
0.44654
0.44160
0.44080
0.44084
0.44094
0.44901
0.44116
0.44465
0.44964
0.44231
0.44188
0.44068
0.45033
0.44029
0.44081
0.43381
0.44114
0.44075
0.43851
0.44521
0.44107
0.43746
0.44669
0.44609
0.44537
0.45091
0.44383
0.45155
0.45125
0.44264
0.45152
0.43905
0.45069
0.44853
0.44621
0.45012
0.44783
0.44825
0.45450
0.44176
0.44549
0.43904
0.44409
0.44544
0.43758
0.44979
0.44627
0.44167
0.44660
0.44137
0.44163
0.44178
0.45542
0.44749
0.45159
0.44019
0.44034
0.45395
0.45919
0.44300
0.44373
0.44085
0.44451
0.44186
0.44344
0.45254
0.43997
0.44481
0.43758
0.44274
0.43556
0.45700
0.43810
0.43968
0.44626
0.44315
0.44535
0.43892
0.44597
0.44185
0.43755
0.45628
0.45955
