6.99536
1.39758
1.43217
1.42972
1.41611
1.43083
1.40793
1.43169
1.44624
1.44248
1.43534
1.44148
1.46481
1.42918
1.43057
1.41445
1.45115
1.42856
1.41662
1.42497
1.40126
1.42770
1.42637
1.41920
1.42193
1.43456
1.40529
1.41950
1.41013
1.42584
1.41199
1.42945
1.40513
1.41756
1.41183
1.42457
1.41674
1.41565
1.42493
1.41397
1.44232
1.40721
1.40816
1.41821
1.41982
1.43941
1.43604
1.44087
1.41600
1.42348
1.42936
1.42369
1.42503
1.42838
1.40606
1.40055
1.40715
1.43164
1.41885
1.43762
1.43456
1.43519
1.43729
1.44470
1.42704
1.42292
1.41767
1.40304
1.41836
1.42529
1.43891
1.43318
1.43497
1.41481
1.43278
1.41025
1.42300
1.44114
1.42170
1.42253
1.42748
1.46023
1.39473
1.42167
1.44613
1.42622
1.41703
1.41420
1.42179
1.41988
1.41697
1.41078
1.42608
1.42252
1.42069
1.42025
1.42567
1.42529
1.42835
1.42759
1.42937
