min_0-           0            0     1632803            0          0         5.29420
min_1-           0            0     1632803            0          0         1.47565
min_10-           0            0     1632803            0          0         1.55037
min_100-           0            0     1632803            0          0         1.45108
min_11-           0            0     1632803            0          0         1.52492
min_12-           0            0     1632803            0          0         1.50485
min_13-           0            0     1632803            0          0         1.45481
min_14-           0            0     1632803            0          0         1.46194
min_15-           0            0     1632803            0          0         1.45691
min_16-           0            0     1632803            0          0         1.51271
min_17-           0            0     1632803            0          0         1.45562
min_18-           0            0     1632803            0          0         1.47067
min_19-           0            0     1632803            0          0         1.49836
min_2-           0            0     1632803            0          0         1.47830
min_20-           0            0     1632803            0          0         1.49669
min_21-           0            0     1632803            0          0         1.48324
min_22-           0            0     1632803            0          0         1.47597
min_23-           0            0     1632803            0          0         1.48587
min_24-           0            0     1632803            0          0         1.57364
min_25-           0            0     1632803            0          0         1.47926
min_26-           0            0     1632803            0          0         1.48991
min_27-           0            0     1632803            0          0         1.48671
min_28-           0            0     1632803            0          0         1.53576
min_29-           0            0     1632803            0          0         1.50043
min_3-           0            0     1632803            0          0         1.47334
min_30-           0            0     1632803            0          0         1.49439
min_31-           0            0     1632803            0          0         1.49134
min_32-           0            0     1632803            0          0         1.47250
min_33-           0            0     1632803            0          0         1.46083
min_34-           0            0     1632803            0          0         1.46690
min_35-           0            0     1632803            0          0         1.47504
min_36-           0            0     1632803            0          0         1.51207
min_37-           0            0     1632803            0          0         1.47793
min_38-           0            0     1632803            0          0         1.45973
min_39-           0            0     1632803            0          0         1.47187
min_4-           0            0     1632803            0          0         1.46278
min_40-           0            0     1632803            0          0         1.51161
min_41-           0            0     1632803            0          0         1.48823
min_42-           0            0     1632803            0          0         1.53452
min_43-           0            0     1632803            0          0         1.47750
min_44-           0            0     1632803            0          0         1.49934
min_45-           0            0     1632803            0          0         1.48263
min_46-           0            0     1632803            0          0         1.52670
min_47-           0            0     1632803            0          0         1.50705
min_48-           0            0     1632803            0          0         1.43585
min_49-           0            0     1632803            0          0         1.50415
min_5-           0            0     1632803            0          0         1.45008
min_50-           0            0     1632803            0          0         1.46578
min_51-           0            0     1632803            0          0         1.45990
min_52-           0            0     1632803            0          0         1.47325
min_53-           0            0     1632803            0          0         1.46815
min_54-           0            0     1632803            0          0         1.44414
min_55-           0            0     1632803            0          0         1.46437
min_56-           0            0     1632803            0          0         1.55526
min_57-           0            0     1632803            0          0         1.44728
min_58-           0            0     1632803            0          0         1.45931
min_59-           0            0     1632803            0          0         1.44511
min_6-           0            0     1632803            0          0         1.53597
min_60-           0            0     1632803            0          0         1.46702
min_61-           0            0     1632803            0          0         1.46781
min_62-           0            0     1632803            0          0         1.49639
min_63-           0            0     1632803            0          0         1.44416
min_64-           0            0     1632803            0          0         1.44265
min_65-           0            0     1632803            0          0         1.46034
min_66-           0            0     1632803            0          0         1.44834
min_67-           0            0     1632803            0          0         1.44414
min_68-           0            0     1632803            0          0         1.49301
min_69-           0            0     1632803            0          0         1.44525
min_7-           0            0     1632803            0          0         1.48132
min_70-           0            0     1632803            0          0         1.44689
min_71-           0            0     1632803            0          0         1.50532
min_72-           0            0     1632803            0          0         1.48460
min_73-           0            0     1632803            0          0         1.45719
min_74-           0            0     1632803            0          0         1.52088
min_75-           0            0     1632803            0          0         1.45231
min_76-           0            0     1632803            0          0         1.45364
min_77-           0            0     1632803            0          0         1.45924
min_78-           0            0     1632803            0          0         1.44466
min_79-           0            0     1632803            0          0         1.45003
min_8-           0            0     1632803            0          0         1.56257
min_80-           0            0     1632803            0          0         1.48567
min_81-           0            0     1632803            0          0         1.46664
min_82-           0            0     1632803            0          0         1.46315
min_83-           0            0     1632803            0          0         1.45453
min_84-           0            0     1632803            0          0         1.53449
min_85-           0            0     1632803            0          0         1.45379
min_86-           0            0     1632803            0          0         1.47223
min_87-           0            0     1632803            0          0         1.48527
min_88-           0            0     1632803            0          0         1.43689
min_89-           0            0     1632803            0          0         1.45740
min_9-           0            0     1632803            0          0         1.66829
min_90-           0            0     1632803            0          0         1.45717
min_91-           0            0     1632803            0          0         1.44672
min_92-           0            0     1632803            0          0         1.44508
min_93-           0            0     1632803            0          0         1.44268
min_94-           0            0     1632803            0          0         1.46609
min_95-           0            0     1632803            0          0         1.48565
min_96-           0            0     1632803            0          0         1.47290
min_97-           0            0     1632803            0          0         1.48506
min_98-           0            0     1632803            0          0         1.45663
min_99-           0            0     1632803            0          0         1.44213
