avg_0-           0            0     1632803            0          0        10.94601
avg_1-           0            0     1632803            0          0         1.43270
avg_10-           0            0     1632803            0          0         1.41370
avg_100-           0            0     1632803            0          0         1.43126
avg_11-           0            0     1632803            0          0         1.40942
avg_12-           0            0     1632803            0          0         1.40924
avg_13-           0            0     1632803            0          0         1.40222
avg_14-           0            0     1632803            0          0         1.41763
avg_15-           0            0     1632803            0          0         1.41356
avg_16-           0            0     1632803            0          0         1.41533
avg_17-           0            0     1632803            0          0         1.40735
avg_18-           0            0     1632803            0          0         1.41306
avg_19-           0            0     1632803            0          0         1.40054
avg_2-           0            0     1632803            0          0         1.45207
avg_20-           0            0     1632803            0          0         1.39929
avg_21-           0            0     1632803            0          0         1.40006
avg_22-           0            0     1632803            0          0         1.41066
avg_23-           0            0     1632803            0          0         1.41527
avg_24-           0            0     1632803            0          0         1.41949
avg_25-           0            0     1632803            0          0         1.40593
avg_26-           0            0     1632803            0          0         1.40295
avg_27-           0            0     1632803            0          0         1.40873
avg_28-           0            0     1632803            0          0         1.43267
avg_29-           0            0     1632803            0          0         1.43646
avg_3-           0            0     1632803            0          0         1.41488
avg_30-           0            0     1632803            0          0         1.45290
avg_31-           0            0     1632803            0          0         1.42132
avg_32-           0            0     1632803            0          0         1.42275
avg_33-           0            0     1632803            0          0         1.43863
avg_34-           0            0     1632803            0          0         1.41460
avg_35-           0            0     1632803            0          0         1.39692
avg_36-           0            0     1632803            0          0         1.39524
avg_37-           0            0     1632803            0          0         1.41730
avg_38-           0            0     1632803            0          0         1.41197
avg_39-           0            0     1632803            0          0         1.40180
avg_4-           0            0     1632803            0          0         1.40244
avg_40-           0            0     1632803            0          0         1.39906
avg_41-           0            0     1632803            0          0         1.40311
avg_42-           0            0     1632803            0          0         1.42784
avg_43-           0            0     1632803            0          0         1.41160
avg_44-           0            0     1632803            0          0         1.41130
avg_45-           0            0     1632803            0          0         1.40346
avg_46-           0            0     1632803            0          0         1.40197
avg_47-           0            0     1632803            0          0         1.42394
avg_48-           0            0     1632803            0          0         1.40800
avg_49-           0            0     1632803            0          0         1.43075
avg_5-           0            0     1632803            0          0         1.40291
avg_50-           0            0     1632803            0          0         1.42049
avg_51-           0            0     1632803            0          0         1.42715
avg_52-           0            0     1632803            0          0         1.42650
avg_53-           0            0     1632803            0          0         1.42130
avg_54-           0            0     1632803            0          0         1.42678
avg_55-           0            0     1632803            0          0         1.42178
avg_56-           0            0     1632803            0          0         1.39959
avg_57-           0            0     1632803            0          0         1.41065
avg_58-           0            0     1632803            0          0         1.41979
avg_59-           0            0     1632803            0          0         1.41249
avg_6-           0            0     1632803            0          0         1.40102
avg_60-           0            0     1632803            0          0         1.40532
avg_61-           0            0     1632803            0          0         1.41566
avg_62-           0            0     1632803            0          0         1.41675
avg_63-           0            0     1632803            0          0         1.41788
avg_64-           0            0     1632803            0          0         1.41749
avg_65-           0            0     1632803            0          0         1.41745
avg_66-           0            0     1632803            0          0         1.42426
avg_67-           0            0     1632803            0          0         1.39504
avg_68-           0            0     1632803            0          0         1.40479
avg_69-           0            0     1632803            0          0         1.40089
avg_7-           0            0     1632803            0          0         1.40439
avg_70-           0            0     1632803            0          0         1.39931
avg_71-           0            0     1632803            0          0         1.40090
avg_72-           0            0     1632803            0          0         1.40200
avg_73-           0            0     1632803            0          0         1.39859
avg_74-           0            0     1632803            0          0         1.39501
avg_75-           0            0     1632803            0          0         1.39747
avg_76-           0            0     1632803            0          0         1.39969
avg_77-           0            0     1632803            0          0         1.39936
avg_78-           0            0     1632803            0          0         1.41525
avg_79-           0            0     1632803            0          0         1.41067
avg_8-           0            0     1632803            0          0         1.41563
avg_80-           0            0     1632803            0          0         1.39982
avg_81-           0            0     1632803            0          0         1.41717
avg_82-           0            0     1632803            0          0         1.39593
avg_83-           0            0     1632803            0          0         1.41797
avg_84-           0            0     1632803            0          0         1.39534
avg_85-           0            0     1632803            0          0         1.41931
avg_86-           0            0     1632803            0          0         1.44411
avg_87-           0            0     1632803            0          0         1.41665
avg_88-           0            0     1632803            0          0         1.40083
avg_89-           0            0     1632803            0          0         1.42327
avg_9-           0            0     1632803            0          0         1.42664
avg_90-           0            0     1632803            0          0         1.42810
avg_91-           0            0     1632803            0          0         1.40694
avg_92-           0            0     1632803            0          0         1.42620
avg_93-           0            0     1632803            0          0         1.40161
avg_94-           0            0     1632803            0          0         1.40242
avg_95-           0            0     1632803            0          0         1.41587
avg_96-           0            0     1632803            0          0         1.39891
avg_97-           0            0     1632803            0          0         1.41589
avg_98-           0            0     1632803            0          0         1.41074
avg_99-           0            0     1632803            0          0         1.40436
